step,t_wall_s,t_task_s,control_dt_s,control_loop_hz_inst,policy_dt_s,policy_loop_hz_inst,policy_deadline_overrun_s,policy_deadline_overrun,policy_schedule_resynced,policy_step_start_perf,servo_publish_perf,servo_publish_latency_ms,servo_endpoint_deadline_perf,servo_endpoint_lateness_s,servo_dt_s,servo_loop_hz_inst,servo_target_age_s,servo_interpolation_phase,servo_command_sequence,servo_policy_step,servo_commanded_world_x,servo_commanded_world_y,servo_commanded_world_z,servo_target_world_x,servo_target_world_y,servo_target_world_z,servo_segment_start_world_x,servo_segment_start_world_y,servo_segment_start_world_z,servo_segment_end_world_x,servo_segment_end_world_y,servo_segment_end_world_z,servo_segment_start_perf,servo_segment_end_perf,servo_segment_elapsed_s,servo_segment_duration_s,servo_pending_segment_count,servo_command_step_limited,servo_command_step_limited_count,servo_publish_rejected_count,servo_tracking_error_cm,servo_target_error_cm,servo_deadline_overrun_s,servo_deadline_overrun_count,servo_watchdog_stopped,servo_stop_reason,vision_frame_available,vision_frame_id,vision_age_s,camera_dt_s,camera_hz_inst,hand_detected,microrobot_detected,dead_reckoning_used,dead_reckoning_age_s,hand_x_cm,hand_y_cm,robot_x_cm,robot_y_cm,microrobot_x_cm,microrobot_y_cm,distance_cm,in_zpd,virtual_hand_stride_cm,virtual_hand_smoothing_alpha,virtual_hand_delay_frames,virtual_hand_action_x,virtual_hand_action_y,virtual_hand_action_norm,virtual_hand_command_dx_cm,virtual_hand_command_dy_cm,virtual_hand_command_norm_cm,virtual_hand_delayed_dx_cm,virtual_hand_delayed_dy_cm,virtual_hand_delayed_norm_cm,virtual_hand_smoothed_dx_cm,virtual_hand_smoothed_dy_cm,virtual_hand_smoothed_norm_cm,virtual_hand_exec_dx_cm,virtual_hand_exec_dy_cm,virtual_hand_exec_norm_cm,virtual_hand_actual_dx_cm,virtual_hand_actual_dy_cm,virtual_hand_actual_norm_cm,virtual_hand_accel_clipped,virtual_hand_workspace_clipped,virtual_hand_policy_inference_ms,mpc_prediction_mode,mpc_tracking_alpha,mpc_command_actual_lag_cm,mpc_predicted_first_command_x_cm,mpc_predicted_first_command_y_cm,mpc_predicted_first_actual_x_cm,mpc_predicted_first_actual_y_cm,mpc_predicted_min_hand_distance_cm,mpc_hand_velocity_x_cm_step,mpc_hand_velocity_y_cm_step,policy_inference_ms,action_x,action_y,action_norm,last_action_x,last_action_y,virtual_target_x_px,virtual_target_y_px,desired_target_x_px,desired_target_y_px,planned_anchor_x_cm,planned_anchor_y_cm,planned_target_x_cm,planned_target_y_cm,planned_delta_dx_cm,planned_delta_dy_cm,planned_delta_norm_cm,actual_robot_move_dx_cm,actual_robot_move_dy_cm,actual_robot_move_norm_cm,actual_to_planned_step_projection,planned_endpoint_actual_lag_cm,planned_endpoint_actual_lag_excess_cm,servo_follower_lag_allowance_cm,servo_lag_warning_cm,servo_lag_hard_limit_cm,servo_publish_accepted,servo_publish_reject_reason,target_clipped,target_step_limited,robot_world_x,robot_world_y,robot_world_z,safety_stop,safety_reason,task_finished,done_reason
0,1787743627.5060148,3.995373845100403e-07,,,,,3.995373845100403e-07,False,False,7284832.2825779,7284832.2873758,4.797900095582008,7284832.3325779,0.0,,,0.0005251998081803322,1.0,0,-1,-0.2991411461127981,-0.545436095394867,0.113,-0.2991411461127981,-0.545436095394867,0.113,-0.2991411461127981,-0.545436095394867,0.113,-0.2991411461127981,-0.545436095394867,0.113,7284832.2814416,7284832.2814416,0.0005251998081803322,0.0,1,False,0,0,0.003809253885239007,0.003809253885239007,0.0,0,False,,False,,,,,False,False,False,,10.029561996459961,1.279334545135498,7.498724460601807,4.999734401702881,,,4.499612808227539,True,0.269014959,0.539960663659,3,-1.0,1.0,1.4142135381698608,-0.26901495456695557,0.26901495456695557,0.38044458627700806,0.0,0.0,0.0,0.0,0.0,0.0,0.0,0.0,0.0,0.0,0.0,0.0,False,False,1.8271999433636665,,,,,,,,,,,2.480600029230118,-0.31590330600738525,-0.12549592554569244,0.3399178087711334,0.0,0.0,751.665771484375,517.4248657226562,751.665771484375,517.4248657226562,7.498437881469727,5.0000081062316895,7.3404860496521,4.937260150909424,-0.15795183181762695,-0.06274795532226562,0.16995906829833984,0.0,0.0,0.0,,0.0003962849441450089,0.0,2.0,1.5,3.0,True,,False,False,-0.2991228134724996,-0.5454305932561686,0.11303293451511182,False,,False,caught
1,1787743627.5557313,0.050003199838101864,0.050002800300717354,19.99887994244302,0.050002800300717354,19.99887994244302,3.200024366378784e-06,False,False,7284832.3325779,7284832.3376287,5.050799809396267,7284832.3825779,0.0,0.008009299635887146,124.85486190569215,0.04929959960281849,0.9859919957294762,1,0,-0.304083683245385,-0.538672435439124,0.113,-0.3041539019505676,-0.5385763440124646,0.113,-0.2991411461127981,-0.545436095394867,0.113,-0.3041539019505676,-0.5385763440124646,0.113,7284832.2825779,7284832.3325779,0.04929959960281849,0.049999999813735485,1,False,0,0,0.7952680359098727,0.8071692193400327,9.29963588714583e-06,1,False,,True,1,0.020238099619746208,,,False,False,False,,10.029561996459961,1.279334545135498,7.49058723449707,4.995926380157471,,,4.501049995422363,True,0.269014959,0.539960663659,3,-1.0,1.0,1.4142135381698608,-0.26901495456695557,0.26901495456695557,0.38044458627700806,0.0,0.0,0.0,0.0,0.0,0.0,0.0,0.0,0.0,0.0,0.0,0.0,False,False,1.8309000879526138,,,,,,,,,,,1.8678000196814537,-0.8555304408073425,-0.6701564192771912,1.0867575407028198,-0.31590330600738525,-0.12549592554569244,707.8626098632812,482.30865478515625,707.8626098632812,482.30865478515625,7.3404860496521,4.937260150909424,6.912720680236816,4.602181911468506,-0.4277653694152832,-0.33507823944091797,0.5433788895606995,-0.008137226104736328,-0.0038080215454101562,0.008984179235994816,0.052767109125852585,0.16115859150886536,0.0,2.0,1.5,3.0,True,,False,False,-0.29935827535773823,-0.5450689566390148,0.11301271726026438,False,,False,caught
2,1787743627.6056926,0.10000349953770638,0.05000029969960451,19.99988012087675,0.05000029969960451,19.99988012087675,3.4999102354049683e-06,False,False,7284832.3825779,7284832.3885815,6.003600545227528,7284832.4325779,0.0,0.00801759958267212,124.72561016407336,0.05537309963256121,1.0,2,1,-0.31028005832457023,-0.5218578875581442,0.113,-0.3133849447375695,-0.5133912120343668,0.113,-0.3041539019505676,-0.5385763440124646,0.113,-0.3133849447375695,-0.5133912120343668,0.113,7284832.3325779,7284832.3825779,0.05537309963256121,0.049999999813735485,1,True,7,0,1.9191916766683688,2.8203601440174744,1.7599582672118974e-05,1,False,,True,3,0.003904399462044239,0.034075899980962276,29.346253526940913,False,False,False,,10.029561996459961,1.279334545135498,7.368293762207031,4.937067985534668,,,4.523423671722412,True,0.269014959,0.539960663659,3,-1.0,1.0,1.4142135381698608,-0.26901495456695557,0.26901495456695557,0.38044458627700806,0.0,0.0,0.0,0.0,0.0,0.0,0.0,0.0,0.0,0.0,0.0,0.0,False,False,1.7099995166063309,,,,,,,,,,,2.492799423635006,-0.7509986758232117,-0.679983377456665,1.0131022930145264,-0.8555304408073425,-0.6701564192771912,669.4114379882812,446.67755126953125,669.4114379882812,446.67755126953125,6.912720680236816,4.602181911468506,6.537221431732178,4.262190341949463,-0.37549924850463867,-0.33999156951904297,0.5065510272979736,-0.12229347229003906,-0.058858394622802734,0.13572031259536743,0.24397113919258118,0.5654162168502808,0.0,2.0,1.5,3.0,True,,False,False,-0.30285984737893656,-0.539557321404362,0.11298657521045383,False,,False,caught
3,1787743627.6579852,0.155031799338758,0.05502829980105162,18.17246768690625,0.05502829980105162,18.17246768690625,0.0050317998975515366,True,False,7284832.4325779,7284832.4416383,9.060400538146496,7284832.4825778995,0.0,0.008007899858057499,124.87668648775698,0.053421299904584885,1.0,3,2,-0.3147560569311561,-0.5071654853030868,0.113,-0.3200683820006645,-0.4889446259840288,0.113,-0.3133849447375695,-0.5133912120343668,0.113,-0.3200683820006645,-0.4889446259840288,0.113,7284832.3825779,7284832.4325779,0.053421299904584885,0.049999999813735485,1,True,13,0,2.1319073091712553,4.029293707666971,7.899858057498765e-06,1,False,,True,5,0.0010559996590018272,0.029176699928939342,34.27392413931416,False,False,False,,10.029561996459961,1.279334545135498,7.145549297332764,4.78379487991333,,,4.5385870933532715,True,0.269014959,0.539960663659,3,-1.0,0.7879302501678467,1.2731198072433472,-0.26901495456695557,0.21196502447128296,0.34248825907707214,-0.26901495456695557,0.26901495456695557,0.38044458627700806,-0.14525750279426575,0.14525750279426575,0.20542512834072113,-0.14525750279426575,0.14525750279426575,0.20542512834072113,-0.14525794982910156,0.14525747299194336,0.205425426363945,False,False,1.1276006698608398,,,,,,,,,,,1.6371998935937881,-0.6186429858207703,-0.5069520473480225,0.7998246550559998,-0.7509986758232117,-0.679983377456665,637.7369995117188,420.11322021484375,637.7369995117188,420.11322021484375,6.537221431732178,4.262190341949463,6.22790002822876,4.008714199066162,-0.30932140350341797,-0.2534761428833008,0.39991235733032227,-0.22274446487426758,-0.1532731056213379,0.27038443088531494,0.5290535688400269,0.8013327121734619,0.0,2.0,1.5,3.0,True,,False,False,-0.30811993982672087,-0.5274249844123652,0.11286762512642887,False,,False,caught
4,1787743627.7045925,0.20063439942896366,0.04560260009020567,21.928574204583036,0.04560260009020567,21.928574204583036,0.0006344001740217209,False,False,7284832.4825778995,7284832.4875357,4.957800731062889,7284832.532577899,0.0,0.008036100305616856,124.43846666536095,0.05150540079921484,1.0,4,3,-0.3194003559731532,-0.4925249096961996,0.113,-0.3267541690520037,-0.4700951503976095,0.113,-0.3200683820006645,-0.4889446259840288,0.113,-0.3267541690520037,-0.4700951503976095,0.113,7284832.4325779,7284832.4825778995,0.05150540079921484,0.049999999813735485,1,True,19,0,2.0338961489151095,4.394086418123515,3.6100305616855455e-05,1,False,,False,,,,,False,False,False,,9.88430404663086,1.4245920181274414,6.8884382247924805,4.576355934143066,,,4.348428249359131,True,0.269014959,0.539960663659,3,-0.7312108278274536,1.0,1.2388176918029785,-0.1967066526412964,0.26901495456695557,0.33326050639152527,-0.26901495456695557,0.26901495456695557,0.38044458627700806,-0.2120818793773651,0.2120816558599472,0.2999289333820343,-0.2120818793773651,0.2120816558599472,0.2999289333820343,-0.2120819091796875,0.2120816707611084,0.2999289333820343,False,False,1.3736998662352562,,,,,,,,,,,2.6009995490312576,-0.708545982837677,-0.2414679080247879,0.7485613822937012,-0.6186429858207703,-0.5069520473480225,601.4594116210938,407.4603271484375,601.4594116210938,407.4603271484375,6.22790002822876,4.008714199066162,5.873627185821533,3.8879802227020264,-0.35427284240722656,-0.12073397636413574,0.37428057193756104,-0.2571110725402832,-0.20743894577026367,0.33035892248153687,0.8260543346405029,0.8709350824356079,0.0,2.0,1.5,3.0,True,,False,False,-0.31346805132316585,-0.5119790507523293,0.11286766797394845,False,,False,caught
5,1787743627.7547119,0.2500011995434761,0.049366800114512444,20.25652863220576,0.049366800114512444,20.25652863220576,1.2004747986793518e-06,False,False,7284832.532577899,7284832.5383595,5.781600251793861,7284832.582577899,0.0,0.008015599101781845,124.75673836752924,0.049547200091183186,0.9909440055152178,5,4,-0.3258539043214279,-0.478604031353462,0.113,-0.33812392266199426,-0.4559701320107968,0.113,-0.3267541690520037,-0.4700951503976095,0.113,-0.33812392266199426,-0.4559701320107968,0.113,7284832.4825778995,7284832.532577899,0.049547200091183186,0.049999999813735485,1,True,25,0,1.9301080533912889,4.500101685355229,1.5599101781844926e-05,1,False,,True,6,0.03786669950932264,0.028683899901807308,34.86276285384026,False,False,False,,9.672222137451172,1.6366736888885498,6.641529083251953,4.3611626625061035,,,4.075284004211426,True,0.269014959,0.539960663659,3,-1.0,-0.6490437984466553,1.1921651363372803,-0.26901495456695557,-0.17460249364376068,0.32071027159690857,-0.26901495456695557,0.26901495456695557,0.38044458627700806,-0.242823526263237,0.24282342195510864,0.34340426325798035,-0.242823526263237,0.24282342195510864,0.34340426325798035,-0.24282360076904297,0.24282336235046387,0.34340426325798035,False,False,1.7633996903896332,,,,,,,,,,,2.785800024867058,-0.8194723129272461,0.09656447172164917,0.8251421451568604,-0.708545982837677,-0.2414679080247879,559.5025024414062,412.52032470703125,559.5025024414062,412.52032470703125,5.873627185821533,3.8879802227020264,5.46389102935791,3.936262369155884,-0.40973615646362305,0.04828214645385742,0.4125710725784302,-0.24690914154052734,-0.2151932716369629,0.32752445340156555,0.8098910450935364,0.901983916759491,0.0,2.0,1.5,3.0,True,,False,False,-0.31823812214645814,-0.4963389667364865,0.11293967919139439,False,,False,caught
6,1787743627.8032827,0.3000010997056961,0.04999990016222,20.00003993519174,0.04999990016222,20.00003993519174,1.1008232831954956e-06,False,False,7284832.582577899,7284832.5866222,4.044300876557827,7284832.632577899,0.0,0.008019799366593361,124.69139866085935,0.04759860038757324,0.9519720112978369,6,5,-0.33572854070859404,-0.4669177313362567,0.113,-0.3560968035115018,-0.4484192941922094,0.113,-0.33812392266199426,-0.4559701320107968,0.113,-0.3560968035115018,-0.4484192941922094,0.113,7284832.532577899,7284832.582577899,0.04759860038757324,0.049999999813735485,1,True,31,0,1.6336518617912739,4.376291858873783,1.9799366593360734e-05,1,False,,True,7,0.023036999627947807,0.05864250008016825,17.052478980823338,False,False,False,,9.429398536682129,1.8794970512390137,6.342441082000732,4.1463398933410645,,,3.829867124557495,True,0.269014959,0.539960663659,3,-1.0,1.0,1.4142135381698608,-0.26901495456695557,0.26901495456695557,0.38044458627700806,-0.26901495456695557,0.21196502447128296,0.34248825907707214,-0.25696590542793274,0.22616107761859894,0.3423160910606384,-0.25696590542793274,0.22616107761859894,0.3423160910606384,-0.25696563720703125,0.22616100311279297,0.3423158526420593,False,False,1.156100071966648,,,,,,,,,,,1.5652002766728401,-0.903918445110321,0.20211449265480042,0.9262390732765198,-0.8194723129272461,0.09656447172164917,513.2218017578125,423.111083984375,513.2218017578125,423.111083984375,5.46389102935791,3.936262369155884,5.011931896209717,4.037319660186768,-0.45195913314819336,0.10105729103088379,0.4631194472312927,-0.2990880012512207,-0.21482276916503906,0.36824238300323486,0.6590202450752258,0.9033176302909851,0.0,2.0,1.5,3.0,True,,False,False,-0.3251768950430997,-0.47938947446356944,0.11301541653630054,False,,False,caught
7,1787743627.8549588,0.3529676999896765,0.05296660028398037,18.879822277406916,0.05296660028398037,18.879822277406916,0.00296770129352808,True,False,7284832.632577899,7284832.6390309,6.453000940382481,7284832.682577899,0.0,0.008000700734555721,124.98905198152372,0.05362510122358799,1.0,7,6,-0.35063235976001156,-0.45704312261188973,0.113,-0.3770065884027805,-0.4426192692912306,0.113,-0.3560968035115018,-0.4484192941922094,0.113,-0.3770065884027805,-0.4426192692912306,0.113,7284832.582577899,7284832.632577899,0.05362510122358799,0.049999999813735485,1,True,38,0,1.9386273299077792,4.942803402801413,7.007345557211164e-07,1,False,,False,,,,,False,False,False,,9.172432899475098,2.1056580543518066,6.054366111755371,4.032651424407959,,,3.665466547012329,True,0.269014959,0.539960663659,3,-1.0,1.0,1.4142135381698608,-0.26901495456695557,0.26901495456695557,0.38044458627700806,-0.1967066526412964,0.26901495456695557,0.33326050639152527,-0.22442816197872162,0.24930046498775482,0.3354381024837494,-0.22442816197872162,0.24930046498775482,0.3354381024837494,-0.2244281768798828,0.24930047988891602,0.3354381322860718,False,False,1.1114003136754036,,,,,,,,,,,2.1104998886585236,-0.9050319790840149,0.2657929062843323,0.9432543516159058,-0.903918445110321,0.20211449265480042,466.8841857910156,437.03863525390625,466.8841857910156,437.03863525390625,5.011931896209717,4.037319660186768,4.559415817260742,4.170216083526611,-0.4525160789489746,0.13289642333984375,0.47162723541259766,-0.28807497024536133,-0.11368846893310547,0.3096970319747925,0.5534748435020447,1.0424447059631348,0.0,2.0,1.5,3.0,True,,False,False,-0.33417785646512543,-0.4672937055716617,0.11304962589999457,False,,False,caught
8,1787743627.903582,0.4000020995736122,0.04703439958393574,21.2610346649677,0.04703439958393574,21.2610346649677,2.1010637283325195e-06,False,False,7284832.682577899,7284832.687403,4.825101234018803,7284832.732577899,0.0,0.008004199713468552,124.93441390740344,0.051664700731635094,1.0,8,7,-0.3647349849677325,-0.4509769001325086,0.113,-0.3989223381282109,-0.43793844790361774,0.113,-0.3770065884027805,-0.4426192692912306,0.113,-0.3989223381282109,-0.43793844790361774,0.113,7284832.632577899,7284832.682577899,0.051664700731635094,0.049999999813735485,1,True,44,0,1.9674337224028413,5.626324974628218,4.199713468551469e-06,1,False,,True,8,0.04535700008273125,0.06417930033057928,15.581347799822206,False,False,False,,8.948004722595215,2.3549585342407227,5.735414028167725,3.9986066818237305,,,3.608644962310791,True,0.269014959,0.539960663659,3,-1.0,1.0,1.4142135381698608,-0.26901495456695557,0.26901495456695557,0.38044458627700806,-0.26901495456695557,-0.17460249364376068,0.32071027159690857,-0.24850329756736755,0.02040954679250717,0.2493400126695633,-0.24850329756736755,0.02040955424308777,0.2493400126695633,-0.2485036849975586,0.020409584045410156,0.24934040009975433,False,False,1.6092993319034576,,,,,,,,,,,1.9931001588702202,-0.8143312335014343,0.41793182492256165,0.9153154492378235,-0.9050319790840149,0.2657929062843323,425.1904296875,458.93829345703125,425.1904296875,458.93829345703125,4.559415817260742,4.170216083526611,4.152250289916992,4.379181861877441,-0.40716552734375,0.20896577835083008,0.4576575756072998,-0.3189520835876465,-0.034044742584228516,0.32076388597488403,0.628535270690918,1.1884534358978271,0.0,2.0,1.5,3.0,True,,False,False,-0.3464060853933065,-0.4581274516436202,0.11302446798592887,False,,False,caught
9,1787743627.9530897,0.45000059995800257,0.049998500384390354,20.000599864235173,0.049998500384390354,20.000599864235173,6.016343832015991e-07,False,False,7284832.732577899,7284832.7363823,3.804401494562626,7284832.782577898,0.0,0.008004100061953068,124.93596934818824,0.04967670142650604,0.9935340322313235,9,8,-0.3795195452154711,-0.4468503265372743,0.113,-0.4199154916598249,-0.43776535201821887,0.113,-0.3989223381282109,-0.43793844790361774,0.113,-0.4199154916598249,-0.43776535201821887,0.113,7284832.682577899,7284832.732577899,0.04967670142650604,0.049999999813735485,1,True,50,0,1.9479691812281388,6.088226981134932,4.100061953067613e-06,1,False,,True,9,0.030674300156533718,0.07784970011562109,12.845264638332793,False,False,False,,8.699501037597656,2.375368118286133,5.404325485229492,4.025084495544434,,,3.685070753097534,True,0.269014959,0.539960663659,3,-1.0,1.0,1.4142135381698608,-0.26901495456695557,0.26901495456695557,0.38044458627700806,-0.26901495456695557,0.26901495456695557,0.38044458627700806,-0.25957897305488586,0.15464670956134796,0.30215367674827576,-0.25957897305488586,0.15464670956134796,0.30215367674827576,-0.2595787048339844,0.154646635055542,0.30215340852737427,False,False,1.1509004980325699,,,,,,,,,,,1.4720996841788292,-0.7498276829719543,0.7675008773803711,1.072986125946045,-0.8143312335014343,0.41793182492256165,386.79925537109375,499.15533447265625,386.79925537109375,499.15533447265625,4.152250289916992,4.379181861877441,3.777336359024048,4.762932300567627,-0.37491393089294434,0.38375043869018555,0.5364931225776672,-0.3310885429382324,0.026477813720703125,0.3321456015110016,0.6700429320335388,1.3011829853057861,0.0,2.0,1.5,3.0,True,,False,False,-0.3605981794180513,-0.4514805087212656,0.11295849813566235,False,,False,caught
10,1787743628.002192,0.5000010998919606,0.050000499933958054,19.99980002841623,0.050000499933958054,19.99980002841623,1.101754605770111e-06,False,False,7284832.782577898,7284832.7863873,3.8094017654657364,7284832.832577898,0.0,0.008004000410437584,124.93752482770417,0.04772110190242529,0.9544220416040049,10,9,-0.3948083443325517,-0.4457449523499078,0.113,-0.4443472209392674,-0.4468616471952855,0.113,-0.4199154916598249,-0.43776535201821887,0.113,-0.4443472209392674,-0.4468616471952855,0.113,7284832.732577899,7284832.782577898,0.04772110190242529,0.049999999813735485,1,True,56,0,1.658148001916325,6.610954003065947,4.000410437583757e-06,1,False,,True,10,0.016026499681174755,0.06450959946960211,15.501568886212276,False,False,False,,8.439922332763672,2.530014753341675,5.022945404052734,4.1105637550354,,,3.764819622039795,True,0.269014959,0.539960663659,3,-1.0,-0.5847017765045166,1.1583937406539917,-0.26901495456695557,-0.15729352831840515,0.31162527203559875,-0.26901495456695557,0.26901495456695557,0.38044458627700806,-0.2646739184856415,0.21640104055404663,0.34187963604927063,-0.2646739184856415,0.21640104055404663,0.34187963604927063,-0.26467418670654297,0.2164011001586914,0.3418799042701721,False,False,1.0948004201054573,,,,,,,,,,,1.4880998060107231,-0.670026421546936,1.0,1.2037173509597778,-0.7498276829719543,0.7675008773803711,352.4938659667969,551.5552978515625,352.4938659667969,551.5552978515625,3.777336359024048,4.762932300567627,3.4423232078552246,5.262932300567627,-0.33501315116882324,0.5,0.6018586158752441,-0.3813800811767578,0.0854792594909668,0.3908420205116272,0.610744297504425,1.4061033725738525,0.0,2.0,1.5,3.0,True,,False,False,-0.3782393776195109,-0.44638859031233147,0.11297650826990749,False,,False,caught
11,1787743628.0552478,0.5512822000309825,0.051281100139021873,19.500361678845096,0.051281100139021873,19.500361678845096,0.0012822020798921585,True,False,7284832.832577898,7284832.8385243,5.946401506662369,7284832.882577898,0.0,0.00802569929510355,124.59973433219662,0.0539503013715148,1.0,11,10,-0.4124805488404543,-0.4485103775911765,0.113,-0.4688953047482114,-0.46179076753580295,0.113,-0.4443472209392674,-0.4468616471952855,0.113,-0.4688953047482114,-0.46179076753580295,0.113,7284832.782577898,7284832.832577898,0.0539503013715148,0.049999999813735485,1,True,63,0,1.9137217193080462,7.70779990949801,2.569929510354979e-05,1,False,,False,,,,,False,False,False,,8.175248146057129,2.746415853500366,4.718164443969727,4.236599922180176,,,3.7645819187164307,True,0.269014959,0.539960663659,3,-1.0,1.0,1.4142135381698608,-0.26901495456695557,0.26901495456695557,0.38044458627700806,-0.26901495456695557,0.26901495456695557,0.38044458627700806,-0.26701804995536804,0.24481052160263062,0.3622579574584961,-0.26701804995536804,0.24481052160263062,0.3622579574584961,-0.26701784133911133,0.2448105812072754,0.36225783824920654,False,False,1.5953993424773216,,,,,,,,,,,2.749800682067871,-0.5389836430549622,1.0,1.1360032558441162,-0.670026421546936,1.0,324.8979187011719,603.955322265625,324.8979187011719,603.955322265625,3.4423232078552246,5.262932300567627,3.1728312969207764,5.762932300567627,-0.26949191093444824,0.5,0.5680016279220581,-0.3047809600830078,0.1260361671447754,0.3298128843307495,0.45584842562675476,1.6374152898788452,0.0,2.0,1.5,3.0,True,,False,False,-0.393666302066083,-0.4450093831536537,0.11301543232409328,False,,False,caught
12,1787743628.1037812,0.6000052001327276,0.04872300010174513,20.524187712410235,0.04872300010174513,20.524187712410235,5.202367901802063e-06,False,False,7284832.882577898,7284832.8866937,4.115802235901356,7284832.932577898,0.0,0.008009999990463257,124.84394521730395,0.051976301707327366,1.0,12,11,-0.42703752999296135,-0.45338515791449696,0.113,-0.4907812723106129,-0.4778842387804447,0.113,-0.4688953047482114,-0.46179076753580295,0.113,-0.4907812723106129,-0.4778842387804447,0.113,7284832.832577898,7284832.882577898,0.051976301707327366,0.049999999813735485,1,True,69,0,1.918637827705537,8.747546659017218,9.99999046325667e-06,1,False,,True,11,0.036989400163292885,0.06464960053563118,15.467999673855013,False,False,False,,7.908230304718018,2.9912264347076416,4.441600799560547,4.413340091705322,,,3.7469890117645264,True,0.269014959,0.539960663659,3,-1.0,1.0,1.4142135381698608,-0.26901495456695557,0.26901495456695557,0.38044458627700806,-0.26901495456695557,0.26901495456695557,0.38044458627700806,-0.2680962085723877,0.25788000226020813,0.37199148535728455,-0.2680962085723877,0.25788000226020813,0.37199148535728455,-0.2680964469909668,0.25787997245788574,0.3719916343688965,False,False,1.1750999838113785,,,,,,,,,,,1.6569998115301132,-0.4054102897644043,1.0,1.0790539979934692,-0.5389836430549622,1.0,304.14093017578125,656.3553466796875,304.14093017578125,656.3553466796875,3.1728312969207764,5.762932300567627,2.970126152038574,6.262932300567627,-0.20270514488220215,0.5,0.5395269989967346,-0.2765636444091797,0.17674016952514648,0.328214168548584,0.5049246549606323,1.852343201637268,0.0,2.0,1.5,3.0,True,,False,False,-0.4090720755317464,-0.4466502134882561,0.11300899820657709,False,,False,caught
13,1787743628.152338,0.6500014001503587,0.049996200017631054,20.001520108475287,0.049996200017631054,20.001520108475287,1.4025717973709106e-06,False,False,7284832.932577898,7284832.9363862,3.8083018735051155,7284832.982577898,0.0,0.008228099904954433,121.53474210951963,0.05022410210222006,1.0,13,12,-0.4409181808373939,-0.4599454804869661,0.113,-0.5094893075620756,-0.4959959979014405,0.113,-0.4907812723106129,-0.4778842387804447,0.113,-0.5094893075620756,-0.4959959979014405,0.113,7284832.882577898,7284832.932577898,0.05022410210222006,0.049999999813735485,1,True,75,0,1.9108904145849148,9.657895808251524,0.00022809990495443327,1,False,,True,12,0.022602200508117676,0.07921549957245588,12.623792129030658,False,False,False,,7.640133857727051,3.2491064071655273,4.198072910308838,4.632143020629883,,,3.7095248699188232,True,0.269014959,0.539960663659,3,-1.0,1.0,1.4142135381698608,-0.26901495456695557,0.26901495456695557,0.38044458627700806,-0.26901495456695557,-0.15729352831840515,0.31162527203559875,-0.2685924172401428,0.03370261192321777,0.2706986367702484,-0.2685924172401428,0.03370261192321777,0.2706986367702484,-0.26859235763549805,0.03370261192321777,0.27069857716560364,False,False,1.0857004672288895,,,,,,,,,,,1.524200662970543,-0.30870574712753296,1.0,1.0465654134750366,-0.4054102897644043,1.0,288.3351745605469,708.7553100585938,288.3351745605469,708.7553100585938,2.970126152038574,6.262932300567627,2.8157732486724854,6.762932300567627,-0.15435290336608887,0.5,0.5232827067375183,-0.24352788925170898,0.21880292892456055,0.32738441228866577,0.545419454574585,2.041403293609619,0.04140329360961914,2.0,1.5,3.0,True,,False,False,-0.42403197358463834,-0.45100118187628224,0.11307579337144168,False,,False,caught
14,1787743628.20606,0.7030619001016021,0.0530604999512434,18.846411189470263,0.0530604999512434,18.846411189470263,0.0030619027093052864,True,False,7284832.982577898,7284832.9896285,7.050602696835995,7284833.032577897,0.0,0.008002599701285362,124.95939286321942,0.05626360233873129,1.0,14,13,-0.4562610466949939,-0.4691930362592479,0.113,-0.526212252856115,-0.5143461613661026,0.113,-0.5094893075620756,-0.4959959979014405,0.113,-0.526212252856115,-0.5143461613661026,0.113,7284832.932577898,7284832.982577898,0.05626360233873129,0.049999999813735485,1,True,82,0,1.9080048442012103,10.23367532385869,2.599701285362077e-06,1,False,,True,13,0.010222500190138817,0.06420860067009926,15.574237556397662,False,False,False,,7.371541500091553,3.282809019088745,3.957385778427124,4.921138763427734,,,3.786896228790283,True,0.269014959,0.539960663659,3,-1.0,1.0,1.4142135381698608,-0.26901495456695557,0.26901495456695557,0.38044458627700806,-0.26901495456695557,0.26901495456695557,0.38044458627700806,-0.26882055401802063,0.1607620269060135,0.3132234215736389,-0.26882055401802063,0.1607620269060135,0.3132234215736389,-0.26882076263427734,0.16076207160949707,0.31322363018989563,False,False,1.187499612569809,,,,,,,,,,,1.605600118637085,-0.2390952706336975,1.0,1.0281860828399658,-0.30870574712753296,1.0,276.0934753417969,761.1553344726562,276.0934753417969,761.1553344726562,2.8157732486724854,6.762932300567627,2.696225643157959,7.262932300567627,-0.11954760551452637,0.5,0.5140930414199829,-0.24068713188171387,0.28899574279785156,0.37609684467315674,0.6633753180503845,2.1669061183929443,0.16690611839294434,2.0,1.5,3.0,True,,False,False,-0.4403852565902214,-0.4586098758565737,0.11306521495230307,False,,False,caught
15,1787743628.2525816,0.7500022994354367,0.04694039933383465,21.30361083824866,0.04694039933383465,21.30361083824866,2.302229404449463e-06,False,False,7284833.032577897,7284833.0360165,3.438602201640606,7284833.082577897,0.0,0.008006200194358826,124.9031969878296,0.04628910217434168,0.9257820469356405,15,14,-0.46664900078362975,-0.4766684779793965,0.113,-0.5413913586974096,-0.5337668698360671,0.113,-0.526212252856115,-0.5143461613661026,0.113,-0.5413913586974096,-0.5337668698360671,0.113,7284832.982577898,7284833.032577897,0.04628910217434168,0.049999999813735485,1,True,87,0,1.641160401070927,11.04667508874148,6.200194358825517e-06,1,False,,False,,,,,False,False,False,,7.102720737457275,3.443571090698242,3.775726556777954,5.188018798828125,,,3.7565925121307373,True,0.269014959,0.539960663659,3,-1.0,1.0,1.4142135381698608,-0.26901495456695557,0.26901495456695557,0.38044458627700806,-0.26901495456695557,0.26901495456695557,0.38044458627700806,-0.26892563700675964,0.21921437978744507,0.3469523787498474,-0.26892563700675964,0.21921437978744507,0.3469523787498474,-0.26892566680908203,0.21921443939208984,0.3469524085521698,False,False,1.434599980711937,,,,,,,,,,,1.7256997525691986,-0.18321481347084045,1.0,1.0166453123092651,-0.2390952706336975,1.0,266.7129211425781,813.5552978515625,266.7129211425781,813.5552978515625,2.696225643157959,7.262932300567627,2.6046183109283447,7.762932300567627,-0.09160733222961426,0.5,0.5083226561546326,-0.18165922164916992,0.2668800354003906,0.32283902168273926,0.5870671272277832,2.3389289379119873,0.3389289379119873,2.0,1.5,3.0,True,,False,False,-0.4537404652863452,-0.46653432981781745,0.1130974605501608,False,,False,caught
16,1787743628.3031604,0.8000024994835258,0.05000020004808903,19.999919981084542,0.05000020004808903,19.999919981084542,2.5024637579917908e-06,False,False,7284833.082577897,7284833.0867104,4.1325027123093605,7284833.132577897,0.0,0.008009599521756172,124.85018723891723,0.05252450238913298,1.0,16,15,-0.4804857881141777,-0.4880507677783032,0.113,-0.5554203478620656,-0.5529697306932607,0.113,-0.5413913586974096,-0.5337668698360671,0.113,-0.5554203478620656,-0.5529697306932607,0.113,7284833.032577897,7284833.082577897,0.05252450238913298,0.049999999813735485,1,True,94,0,1.8927276990682287,11.80703822162625,9.599521756172014e-06,1,False,,True,14,0.028534099459648132,0.0654408996924758,15.280963505991913,False,False,False,,6.833795070648193,3.662785530090332,3.6169662475585938,5.4666948318481445,,,3.6880993843078613,True,0.269014959,0.539960663659,3,-1.0,1.0,1.4142135381698608,-0.26901495456695557,0.26901495456695557,0.38044458627700806,-0.26901495456695557,0.26901495456695557,0.38044458627700806,-0.2689738869667053,0.24610477685928345,0.3645744323730469,-0.2689738869667053,0.24610477685928345,0.3645744323730469,-0.26897382736206055,0.24610471725463867,0.3645743429660797,False,False,1.2522004544734955,,,,,,,,,,,1.6932999715209007,-0.1823192536830902,1.0,1.016484260559082,-0.18321481347084045,1.0,257.378173828125,865.9552612304688,257.378173828125,865.9552612304688,2.6046183109283447,7.762932300567627,2.513458728790283,8.262931823730469,-0.09115958213806152,0.4999995231628418,0.5082416534423828,-0.15876030921936035,0.27867603302001953,0.3207260072231293,0.5955357551574707,2.509492874145508,0.5094928741455078,2.0,1.5,3.0,True,,False,False,-0.4663450148399487,-0.47547009767124543,0.11308417331076978,False,,False,caught
17,1787743628.35282,0.8500010995194316,0.04999860003590584,20.0005600013173,0.04999860003590584,20.0005600013173,1.1026859283447266e-06,False,False,7284833.132577897,7284833.1362906,3.7127025425434113,7284833.182577897,0.0,0.008001199923455715,124.98125400772393,0.050567702390253544,1.0,17,16,-0.4917782315770853,-0.4984609450093005,0.113,-0.5688956751648333,-0.5721508392181939,0.113,-0.5554203478620656,-0.5529697306932607,0.113,-0.5688956751648333,-0.5721508392181939,0.113,7284833.082577897,7284833.132577897,0.050567702390253544,0.049999999813735485,1,True,100,0,1.8861667029132576,12.55255940150456,1.199923455715013e-06,1,False,,True,15,0.013082900084555149,0.07881530001759529,12.687891815126667,False,False,False,,6.564821243286133,3.9088902473449707,3.479689359664917,5.756277084350586,,,3.5959527492523193,True,0.269014959,0.539960663659,3,-1.0,1.0,1.4142135381698608,-0.26901495456695557,0.26901495456695557,0.38044458627700806,-0.26901495456695557,0.26901495456695557,0.38044458627700806,-0.26899605989456177,0.2584753632545471,0.37305280566215515,-0.26899605989456177,0.2584753632545471,0.37305280566215515,-0.2689962387084961,0.25847530364990234,0.3730528950691223,False,False,1.0906998068094254,,,,,,,,,,,1.444600522518158,-0.20144200325012207,1.0,1.020087718963623,-0.1823192536830902,1.0,247.06436157226562,918.3552856445312,247.06436157226562,918.3552856445312,2.513458728790283,8.262931823730469,2.4127378463745117,8.762931823730469,-0.10072088241577148,0.5,0.5100438594818115,-0.13727688789367676,0.2895822525024414,0.3204728066921234,0.6089788675308228,2.6864326000213623,0.6864326000213623,2.0,1.5,3.0,True,,False,False,-0.4782386606467471,-0.48532931087129216,0.1130518363357314,False,,False,caught
18,1787743628.403452,0.9005876993760467,0.050586599856615067,19.768080931204015,0.050586599856615067,19.768080931204015,0.0005877027288079262,False,False,7284833.182577897,7284833.1871076,4.5297034084796906,7284833.232577897,0.0,0.008000300265848637,124.99530852220137,0.048598903231322765,0.9719780682473558,18,17,-0.5026641288017029,-0.5092963947593965,0.113,-0.5827664742531452,-0.5912731316658355,0.113,-0.5688956751648333,-0.5721508392181939,0.113,-0.5827664742531452,-0.5912731316658355,0.113,7284833.132577897,7284833.182577897,0.048598903231322765,0.049999999813735485,1,True,106,0,1.6327100297867578,13.094008436830665,3.0026584863646066e-07,1,False,,True,16,3.3400021493434906e-05,0.065264199860394,15.322336014830336,False,False,False,,6.295825004577637,4.167365550994873,3.3370909690856934,6.100668430328369,,,3.534369468688965,True,0.269014959,0.539960663659,3,-0.8210693597793579,1.0,1.2938913106918335,-0.2208799421787262,0.26901495456695557,0.34807613492012024,-0.26901495456695557,0.26901495456695557,0.38044458627700806,-0.2690063714981079,0.26416629552841187,0.3770255446434021,-0.2690063714981079,0.26416629552841187,0.3770255446434021,-0.26900625228881836,0.26416635513305664,0.3770254850387573,False,False,1.1012004688382149,,,,,,,,,,,1.5974994748830795,-0.2516847550868988,1.0,1.0311863422393799,-0.20144200325012207,1.0,234.17808532714844,970.7552490234375,234.17808532714844,970.7552490234375,2.4127378463745117,8.762931823730469,2.286895513534546,9.262931823730469,-0.12584233283996582,0.5,0.5155931711196899,-0.14259839057922363,0.3443913459777832,0.37274613976478577,0.7171328067779541,2.818168878555298,0.8181688785552979,2.0,1.5,3.0,True,,False,False,-0.4914446261168941,-0.49743483827838775,0.11302101166429537,False,,False,caught
19,1787743628.4519782,0.9500016001984477,0.04941390082240105,20.237220364247484,0.04941390082240105,20.237220364247484,1.603737473487854e-06,False,False,7284833.232577897,7284833.2356291,3.051203675568104,7284833.2825778965,0.0,0.00800320040434599,124.95001367914873,0.046609703451395035,0.9321940725005943,19,18,-0.5133053127188117,-0.5203729802796624,0.113,-0.5973914444960721,-0.6091057872765713,0.113,-0.5827664742531452,-0.5912731316658355,0.113,-0.5973914444960721,-0.6091057872765713,0.113,7284833.182577897,7284833.232577897,0.046609703451395035,0.049999999813735485,1,True,112,0,1.635460547202202,13.859683936088027,3.2004043459890608e-06,1,False,,False,,,,,False,False,False,,6.026818752288818,4.43153190612793,3.2270493507385254,6.401705741882324,,,3.4234914779663086,False,0.269014959,0.539960663659,3,-1.0,1.0,1.4142135381698608,-0.26901495456695557,0.26901495456695557,0.38044458627700806,-0.26901495456695557,0.26901495456695557,0.38044458627700806,-0.2690109610557556,0.2667844295501709,0.37886783480644226,-0.2690109610557556,0.2667844295501709,0.37886783480644226,-0.2690110206604004,0.26678466796875,0.3788680136203766,False,False,1.134699210524559,,,,,,,,,,,1.6574002802371979,-0.3375415802001953,0.8980245590209961,0.9593656659126282,-0.2516847550868988,1.0,216.89596557617188,995.5999755859375,216.89596557617188,1017.8118286132812,2.286895513534546,9.262931823730469,2.1181247234344482,9.5,-0.16877079010009766,0.23706817626953125,0.2910067141056061,-0.11004161834716797,0.3010373115539551,0.3205192983150482,0.6182998418807983,3.011727809906006,1.0117278099060059,2.0,1.5,3.0,True,,True,False,-0.5023126985999566,-0.5082637647603545,0.11304954277336973,False,,False,caught
20,1787743628.5025527,1.0000026999041438,0.050001099705696106,19.999560127396165,0.050001099705696106,19.999560127396165,2.703629434108734e-06,False,False,7284833.2825778965,7284833.2865031,3.9252033457159996,7284833.332577896,0.0,0.008114799857139587,123.23162833402195,0.052766103297472,1.0,20,19,-0.525870440880288,-0.533148407066291,0.113,-0.6087173310804839,-0.6150528490999626,0.113,-0.5973914444960721,-0.6091057872765713,0.113,-0.6087173310804839,-0.6150528490999626,0.113,7284833.232577897,7284833.2825778965,0.052766103297472,0.049999999813735485,1,True,119,0,1.875811468668511,13.524454520159757,0.00011479985713958724,1,False,,True,17,0.020603700540959835,0.0636371998116374,15.714079232900643,False,False,False,,5.757807731628418,4.69831657409668,3.122647523880005,6.710332870483398,,,3.315460681915283,False,0.269014959,0.539960663659,3,-1.0,1.0,1.4142135381698608,-0.26901495456695557,0.26901495456695557,0.38044458627700806,-0.26901495456695557,0.26901495456695557,0.38044458627700806,-0.2690131664276123,0.2679889500141144,0.379718542098999,-0.2690131664276123,0.2679889500141144,0.379718542098999,-0.2690134048461914,0.2679891586303711,0.3797188401222229,False,False,1.214299350976944,,,,,,,,,,,1.5564002096652985,-0.3482529819011688,0.7836813926696777,0.8575760722160339,-0.3375415802001953,0.8980245590209961,199.06541442871094,995.5999755859375,199.06541442871094,1036.6649169921875,2.1181247234344482,9.5,1.9439982175827026,9.5,-0.1741265058517456,0.0,0.1741265058517456,-0.10440182685852051,0.3086271286010742,0.3258073925971985,1.0720405578613281,2.9650142192840576,0.9650142192840576,2.0,1.5,3.0,True,,True,False,-0.5130348835365958,-0.5194708626984637,0.11320028565034818,False,,False,caught
21,1787743628.557392,1.0523122996091843,0.052309599705040455,19.116949960212406,0.052309599705040455,19.116949960212406,0.0023123035207390785,True,False,7284833.332577896,7284833.340707,8.129104040563107,7284833.382577896,0.0,0.008007299154996872,124.8860546662554,0.05079680308699608,1.0,21,20,-0.5371934850597444,-0.5435238302226142,0.113,-0.6150237198770028,-0.6113675201386723,0.113,-0.6087173310804839,-0.6150528490999626,0.113,-0.6150237198770028,-0.6113675201386723,0.113,7284833.2825778965,7284833.332577896,0.05079680308699608,0.049999999813735485,1,True,125,0,1.6174268605156181,11.941168342452059,7.299154996871782e-06,1,False,,True,18,0.008886199444532394,0.07907429989427328,12.646333907945507,False,False,False,,5.488794326782227,4.966305732727051,3.0006327629089355,7.070099830627441,,,3.2583580017089844,False,0.269014959,0.539960663659,3,-1.0,1.0,1.4142135381698608,-0.26901495456695557,0.26901495456695557,0.38044458627700806,-0.2208799421787262,0.26901495456695557,0.34807613492012024,-0.24302324652671814,0.2685430645942688,0.36218181252479553,-0.24302324652671814,0.2685430645942688,0.36218181252479553,-0.24302339553833008,0.2685432434082031,0.36218205094337463,False,False,1.4023007825016975,,,,,,,,,,,2.3667002096772194,-0.2479420304298401,0.6440027952194214,0.6900832056999207,-0.3482529819011688,0.7836813926696777,186.37078857421875,995.5999755859375,186.37078857421875,1029.3458251953125,1.9439982175827026,9.5,1.820027232170105,9.5,-0.12397098541259766,0.0,0.12397098541259766,-0.12201476097106934,0.35976696014404297,0.37989455461502075,0.7007247805595398,2.6496963500976562,0.6496963500976562,2.0,1.5,3.0,True,,True,False,-0.5254379003944004,-0.5324148263324985,0.11305680367122059,False,,False,caught
22,1787743628.6040077,1.1000034995377064,0.04769119992852211,20.968228970937297,0.04769119992852211,20.968228970937297,3.50363552570343e-06,False,False,7284833.382577896,7284833.3876372,5.059303715825081,7284833.432577896,0.0,0.008004600182175636,124.92816346115139,0.048842303454875946,0.9768460727365541,22,21,-0.5490723241348235,-0.5532588639155069,0.113,-0.6198456988264708,-0.6085496509513149,0.113,-0.6150237198770028,-0.6113675201386723,0.113,-0.6198456988264708,-0.6085496509513149,0.113,7284833.332577896,7284833.382577896,0.048842303454875946,0.049999999813735485,1,True,131,0,1.6215882162268733,10.602340318689423,4.600182175636125e-06,1,False,,True,19,0.027007400058209896,0.06379640009254217,15.674865643663496,False,False,False,,5.2457709312438965,5.234848976135254,2.881601572036743,7.376741409301758,,,3.190140962600708,False,0.269014959,0.539960663659,3,-0.24260687828063965,1.0,1.029008388519287,-0.06526488065719604,0.26901495456695557,0.2768186330795288,-0.26901495456695557,0.26901495456695557,0.38044458627700806,-0.2570578455924988,0.26879796385765076,0.371928870677948,-0.2570578455924988,0.26879796385765076,0.371928870677948,-0.25705766677856445,0.2687978744506836,0.3719286620616913,False,False,1.5406999737024307,,,,,,,,,,,1.8989993259310722,-0.09376322478055954,0.44886523485183716,0.4585537314414978,-0.2479420304298401,0.6440027952194214,181.5701141357422,995.5999755859375,181.5701141357422,1019.12060546875,1.820027232170105,9.5,1.7731456756591797,9.5,-0.04688155651092529,0.0,0.04688155651092529,-0.11903119087219238,0.3066415786743164,0.32893386483192444,0.9601536393165588,2.3738505840301514,0.37385058403015137,2.0,1.5,3.0,True,,True,False,-0.536505765879462,-0.5430102304494053,0.11304427180469978,False,,False,caught
23,1787743628.6519747,1.1500018993392587,0.049998399801552296,20.000640099864818,0.049998399801552296,20.000640099864818,1.903623342514038e-06,False,False,7284833.432577896,7284833.4360299,3.4520039334893227,7284833.482577896,0.0,0.008014299906790257,124.77696263309693,0.04687040392309427,0.9374080819540027,23,22,-0.5612934412672296,-0.56256282365844,0.113,-0.6217001783642326,-0.6074659297648877,0.113,-0.6198456988264708,-0.6085496509513149,0.113,-0.6217001783642326,-0.6074659297648877,0.113,7284833.382577896,7284833.432577896,0.04687040392309427,0.049999999813735485,1,True,137,0,1.6225600469132226,9.14931258131243,1.4299906790256334e-05,1,False,,True,20,0.04275589995086193,0.02956710010766983,33.821375662762264,False,False,False,,4.988713264465332,5.5036468505859375,2.7415215969085693,7.680469989776611,,,3.1286466121673584,False,0.269014959,0.539960663659,3,-1.0,1.0,1.4142135381698608,-0.26901495456695557,0.26901495456695557,0.38044458627700806,-0.26901495456695557,0.26901495456695557,0.38044458627700806,-0.2635141611099243,0.2689151167869568,0.37650373578071594,-0.2635141611099243,0.2689151167869568,0.37650373578071594,-0.26351404190063477,0.26891517639160156,0.37650367617607117,False,False,0.8674999698996544,,,,,,,,,,,1.3273004442453384,0.07060111314058304,0.25418856739997864,0.2638112008571625,-0.09376322478055954,0.44886523485183716,185.1848907470703,995.5999755859375,185.1848907470703,1008.91943359375,1.7731456756591797,9.5,1.8084462881088257,9.5,0.035300612449645996,0.0,0.035300612449645996,-0.14007997512817383,0.3037285804748535,0.3344748914241791,2.98795485496521,2.0611746311187744,0.061174631118774414,2.0,1.5,3.0,True,,True,False,-0.5482451670556486,-0.552919261429485,0.11311982578840853,False,,False,caught
24,1787743628.7031264,1.2000019000843167,0.05000000074505806,19.99999970197678,0.05000000074505806,19.99999970197678,1.9045546650886536e-06,False,False,7284833.482577896,7284833.486839,4.261104390025139,7284833.532577896,0.0,0.008072299882769585,123.8804324074371,0.052984303794801235,1.0,24,23,-0.5755340187365443,-0.5734400786354199,0.113,-0.6202166004115188,-0.6083329033962132,0.113,-0.6217001783642326,-0.6074659297648877,0.113,-0.6202166004115188,-0.6083329033962132,0.113,7284833.432577896,7284833.482577896,0.052984303794801235,0.049999999813735485,1,True,144,0,1.8775178211777266,7.546531931501171,7.229988276958449e-05,1,False,,True,21,0.011768899857997894,0.034246500581502914,29.20006374432651,False,False,False,,4.725199222564697,5.772562026977539,2.5829482078552246,7.980106353759766,,,3.0761163234710693,False,0.269014959,0.539960663659,3,-1.0,1.0,1.4142135381698608,-0.26901495456695557,0.26901495456695557,0.38044458627700806,-0.26901495456695557,0.26901495456695557,0.38044458627700806,-0.2664843201637268,0.2689690589904785,0.3786267936229706,-0.2664843201637268,0.2689690589904785,0.3786267936229706,-0.26648426055908203,0.2689690589904785,0.3786267638206482,False,False,1.3408996164798737,,,,,,,,,,,1.5665004029870033,0.22522518038749695,0.07297122478485107,0.23675130307674408,0.07060111314058304,0.25418856739997864,196.71644592285156,995.5999755859375,196.71644592285156,999.4237060546875,1.8084462881088257,9.5,1.9210588932037354,9.5,0.11261260509490967,0.0,0.11261260509490967,-0.15857338905334473,0.2996363639831543,0.339009553194046,-4.492085933685303,1.705851674079895,0.0,2.0,1.5,3.0,True,,True,False,-0.5605263969212811,-0.5621583006783959,0.11299048882550959,False,,False,caught
25,1787743628.7522764,1.250322399660945,0.05032049957662821,19.87261669525353,0.05032049957662821,19.87261669525353,0.00032240431755781174,False,False,7284833.532577896,7284833.5362455,3.6676041781902313,7284833.582577895,0.0,0.00801130011677742,124.82368472325491,0.05102360434830189,1.0,25,24,-0.587120943249836,-0.583515983069764,0.113,-0.6161365268358998,-0.6107172177475143,0.113,-0.6202166004115188,-0.6083329033962132,0.113,-0.6161365268358998,-0.6107172177475143,0.113,7284833.482577896,7284833.532577896,0.05102360434830189,0.049999999813735485,1,True,150,0,1.8742324150521195,5.850097817658971,1.1300116777419877e-05,1,False,,False,,,,,False,False,False,,4.458714962005615,6.041531085968018,2.421177625656128,8.281679153442383,,,3.0281713008880615,False,0.269014959,0.539960663659,3,-1.0,1.0,1.4142135381698608,-0.26901495456695557,0.26901495456695557,0.38044458627700806,-0.06526488065719604,0.26901495456695557,0.2768186330795288,-0.15783371031284332,0.2689938545227051,0.31188005208969116,-0.15783371031284332,0.2689938545227051,0.31188005208969116,-0.15783357620239258,0.2689938545227051,0.3118799924850464,False,False,1.1687995865941048,,,,,,,,,,,1.8758997321128845,0.4212464690208435,-0.08321017026901245,0.4293861985206604,0.22522518038749695,0.07297122478485107,218.28424072265625,991.2398681640625,218.28424072265625,991.2398681640625,1.9210588932037354,9.5,2.1316821575164795,9.458395004272461,0.21062326431274414,-0.04160499572753906,0.2146931141614914,-0.16177058219909668,0.3015727996826172,0.3422219455242157,-1.4365229606628418,1.316975474357605,0.0,2.0,1.5,3.0,True,,False,False,-0.5728754772945653,-0.5713364356011424,0.11300614329130505,False,,False,caught
26,1787743628.8049417,1.3000031998381019,0.049680800177156925,20.12850027443392,0.049680800177156925,20.12850027443392,3.2046809792518616e-06,False,False,7284833.582577895,7284833.5879003,5.322404205799103,7284833.632577895,0.0,0.008006499148905277,124.8985332293115,0.04905620403587818,0.9811240843725356,26,25,-0.5965791753783549,-0.5955505872967327,0.113,-0.6072364373234798,-0.6139128714596981,0.113,-0.6161365268358998,-0.6107172177475143,0.113,-0.6072364373234798,-0.6139128714596981,0.113,7284833.532577896,7284833.582577895,0.04905620403587818,0.049999999813735485,1,True,156,0,1.623978814825948,3.7389721163854737,6.499148905277086e-06,1,False,,True,22,0.04844180028885603,0.08099149912595749,12.346974815774258,False,False,False,,4.300881385803223,6.310524940490723,2.2503020763397217,8.641850471496582,,,3.104827404022217,False,0.269014959,0.539960663659,3,-1.0,1.0,1.4142135381698608,-0.26901495456695557,0.26901495456695557,0.38044458627700806,-0.26901495456695557,0.26901495456695557,0.38044458627700806,-0.2178671658039093,0.26900526881217957,0.34616461396217346,-0.2178671658039093,0.26900526881217957,0.34616461396217346,-0.21786737442016602,0.26900529861450195,0.3461647629737854,False,False,1.653900370001793,,,,,,,,,,,2.1518003195524216,0.6645368933677673,-0.2445705682039261,0.7081130146980286,0.4212464690208435,-0.08321017026901245,252.3085479736328,978.42431640625,252.3085479736328,978.42431640625,2.1316821575164795,9.458395004272461,2.4639506340026855,9.33611011505127,0.33226847648620605,-0.1222848892211914,0.35405638813972473,-0.17087554931640625,0.3601713180541992,0.39865002036094666,-1.105919361114502,0.8251155018806458,0.0,2.0,1.5,3.0,True,,False,False,-0.5866421068370113,-0.5827061631294544,0.11307845837129878,False,,False,caught
27,1787743628.8530314,1.3500020001083612,0.04999880027025938,20.000479903411335,0.04999880027025938,20.000479903411335,2.0051375031471252e-06,False,False,7284833.632577895,7284833.6365578,3.9799045771360397,7284833.682577895,0.0,0.008003300055861473,124.94845788864532,0.04709100443869829,0.9418200922825191,27,26,-0.5965240981121953,-0.6100882128005933,0.113,-0.5921888249550463,-0.616174640053104,0.113,-0.6072364373234798,-0.6139128714596981,0.113,-0.5921888249550463,-0.616174640053104,0.113,7284833.582577895,7284833.632577895,0.04709100443869829,0.049999999813735485,1,True,162,0,1.5731055846214703,2.2192554928309445,3.300055861472917e-06,1,False,,True,23,0.03388720005750656,0.0635927002876997,15.72507529128187,False,False,False,,4.083014011383057,6.579530239105225,2.165647029876709,8.965181350708008,,,3.0606582164764404,False,0.269014959,0.539960663659,3,-1.0,1.0,1.4142135381698608,-0.26901495456695557,0.26901495456695557,0.38044458627700806,-0.26901495456695557,0.26901495456695557,0.38044458627700806,-0.2454850673675537,0.2690105140209198,0.3641834259033203,-0.2454850673675537,0.2690105140209198,0.3641834259033203,-0.2454850673675537,0.2690105438232422,0.3641834557056427,False,False,1.0867994278669357,,,,,,,,,,,1.582699827849865,0.9231947064399719,-0.3029711842536926,0.9716377854347229,0.6645368933677673,-0.2445705682039261,299.57611083984375,962.5486450195312,299.57611083984375,962.5486450195312,2.4639506340026855,9.33611011505127,2.9255480766296387,9.184624671936035,0.4615974426269531,-0.15148544311523438,0.48581892251968384,-0.0846550464630127,0.3233308792114258,0.3342294692993164,-0.5397964119911194,0.47599703073501587,0.0,2.0,1.5,3.0,True,,False,False,-0.5962643539458645,-0.5943600768972873,0.11284382057779871,False,,False,caught
28,1787743628.9046645,1.4027281999588013,0.052726199850440025,18.965903153205428,0.052726199850440025,18.965903153205428,0.0027282051742076874,True,False,7284833.682577895,7284833.6891593,6.5814051777124405,7284833.732577895,0.0,0.008001700043678284,124.97344246114882,0.053130204789340496,1.0,28,27,-0.580571357424482,-0.6176310866458025,0.113,-0.5716785676230585,-0.6200909350981326,0.113,-0.5921888249550463,-0.616174640053104,0.113,-0.5716785676230585,-0.6200909350981326,0.113,7284833.632577895,7284833.682577895,0.053130204789340496,0.049999999813735485,1,True,169,0,2.0203366122929203,2.9234335852159044,1.7000436782835249e-06,1,False,,True,24,0.007210000418126583,0.06428819987922907,15.554954126551783,False,False,False,,3.837528944015503,6.848540782928467,2.255772113800049,9.235568046569824,,,2.8635387420654297,False,0.269014959,0.539960663659,3,-1.0,1.0,1.4142135381698608,-0.26901495456695557,0.26901495456695557,0.38044458627700806,-0.26901495456695557,0.26901495456695557,0.38044458627700806,-0.2581903040409088,0.2690129280090332,0.37286752462387085,-0.2581903040409088,0.2690129280090332,0.37286752462387085,-0.258190393447876,0.2690129280090332,0.372867614030838,False,False,1.131199300289154,,,,,,,,,,,1.5074005350470543,1.0,-0.2974361479282379,1.0432968139648438,0.9231947064399719,-0.3029711842536926,350.7760925292969,946.9630126953125,350.7760925292969,946.9630126953125,2.9255480766296387,9.184624671936035,3.4255480766296387,9.035906791687012,0.5,-0.14871788024902344,0.5216483473777771,0.09012508392333984,0.2703866958618164,0.2850114107131958,0.002719515236094594,0.6717105507850647,0.0,2.0,1.5,3.0,True,,False,False,-0.5981175257360375,-0.607616434750849,0.11287864225367306,False,,False,caught
29,1787743628.9532235,1.4500032998621464,0.04727509990334511,21.152784490027944,0.04727509990334511,21.152784490027944,3.3052638173103333e-06,False,False,7284833.732577895,7284833.7366562,4.078305326402187,7284833.782577895,0.0,0.008000800386071205,124.98749521871902,0.05115160532295704,1.0,29,28,-0.5656353991138446,-0.6212129659009975,0.113,-0.5495883670833084,-0.6248964320219577,0.113,-0.5716785676230585,-0.6200909350981326,0.113,-0.5495883670833084,-0.6248964320219577,0.113,7284833.682577895,7284833.732577895,0.05115160532295704,0.049999999813735485,1,True,175,0,2.2367677450492196,3.8819970852937784,8.003860712049726e-07,1,False,,False,,,,,False,False,False,,3.579338550567627,7.1175537109375,2.5644404888153076,9.300615310668945,,,2.4074418544769287,False,0.269014959,0.539960663659,3,-1.0,1.0,1.4142135381698608,-0.26901495456695557,0.26901495456695557,0.38044458627700806,-0.26901495456695557,0.26901495456695557,0.38044458627700806,-0.2640352249145508,0.26901403069496155,0.37693917751312256,-0.2640352249145508,0.26901403069496155,0.37693917751312256,-0.2640352249145508,0.2690138816833496,0.376939058303833,False,False,1.7014006152749062,,,,,,,,,,,2.10610032081604,1.0,-0.27462273836135864,1.0370234251022339,1.0,-0.2974361479282379,401.9761047363281,932.5728759765625,401.9761047363281,932.5728759765625,3.4255480766296387,9.035906791687012,3.9255480766296387,8.898595809936523,0.5,-0.13731098175048828,0.5185116529464722,0.3086683750152588,0.0650472640991211,0.31544777750968933,0.5316113829612732,0.9008756279945374,0.0,2.0,1.5,3.0,True,,False,False,-0.5876297365132093,-0.6171794946556359,0.1124584959787693,False,,False,caught
30,1787743629.0048382,1.5001206994056702,0.05011739954352379,19.95315018552715,0.05011739954352379,19.95315018552715,0.00012070499360561371,False,False,7284833.782577895,7284833.7878522,5.274305120110512,7284833.832577894,0.0,0.008014999330043793,124.76607405961394,0.049177804961800575,0.9835561029000435,30,29,-0.5507076593937503,-0.6248307334691471,0.113,-0.5277965875559799,-0.6305116797903877,0.113,-0.5495883670833084,-0.6248964320219577,0.113,-0.5277965875559799,-0.6305116797903877,0.113,7284833.732577895,7284833.782577895,0.049177804961800575,0.049999999813735485,1,True,181,0,1.8251784697500002,4.179554062285004,1.4999330043792558e-05,1,False,,True,25,0.04040529951453209,0.07940500043332577,12.593665317585042,False,False,False,,3.315303325653076,7.38656759262085,3.0014028549194336,9.190445899963379,,,1.8309861421585083,False,0.269014959,0.539960663659,3,-0.798751711845398,1.0,1.2798454761505127,-0.21487616002559662,0.26901495456695557,0.3442975580692291,-0.26901495456695557,0.26901495456695557,0.38044458627700806,-0.2667241096496582,0.26901447772979736,0.378827840089798,-0.2667241096496582,0.26901447772979736,0.378827840089798,-0.2667241096496582,0.2690143585205078,0.3788277506828308,False,False,1.6187001019716263,,,,,,,,,,,1.9732993096113205,1.0,-0.31378230452537537,1.0480741262435913,1.0,-0.27462273836135864,453.1761169433594,916.1306762695312,453.1761169433594,916.1306762695312,3.9255480766296387,8.898595809936523,4.425548076629639,8.741704940795898,0.5,-0.156890869140625,0.5240370035171509,0.436962366104126,-0.1101694107055664,0.4506366550922394,0.868904173374176,0.9691340923309326,0.0,2.0,1.5,3.0,True,,False,False,-0.5687890053362642,-0.6223643155307911,0.11266930965483071,False,,False,caught
31,1787743629.0524528,1.554521800018847,0.05440110061317682,18.38198103951198,0.05440110061317682,18.38198103951198,0.004521805793046951,True,,,,,,,0.00800239946693182,124.96251957082161,0.05520320497453213,1.0,31,30,-0.5332767908858731,-0.6289885386823506,0.113,-0.5051504305631463,-0.6355774636146161,0.113,-0.5277965875559799,-0.6305116797903877,0.113,-0.5051504305631463,-0.6355774636146161,0.113,7284833.782577895,7284833.832577894,0.05520320497453213,0.049999999813735485,1,True,188,0,1.9510983511441486,4.839274258175437,2.3994669318197492e-06,1,False,,True,26,0.030583799816668034,0.06441640015691519,15.523996956738488,False,False,False,,3.048579216003418,7.655581951141357,3.36313533782959,9.062400817871094,,,1.441556453704834,False,,,,,,,,,,,,,,,,,,,,,,,,,,,,,,,,,,,,,,,,,,,,,,,,,,,,,,,,1.1097596883773804,0.0,2.0,1.5,3.0,,,,,-0.5524055493086004,-0.6251466162970047,0.11290666633159238,False,,True,caught
